======= en - ht =======
BLEU: 14.746634577470429
chrF: 35.8376437209926

======= fr - ht =======
BLEU: 11.81042563302668
chrF: 33.51586648094998

======= es - ht =======
BLEU: 12.073298476263007
chrF: 32.925177513184565
